[prob1.jpg]
filters=tilt=1,0.162009,0.000000;fill=1,0.018692;autocolor=1;autolight=1;
moddate=8023bcbb9187ce01
width=288
height=127
textactive=0
